rot:
  max: 23.562381535095927
  mean: 22.960758223340125
  median: 22.900764556874037
  min: 22.52023564135059
  num_samples: 8000
  rmse: 22.962240039541506
  std: 0.2608628813031722
scale:
  max: 29.313497326306447
  mean: 16.82024477604945
  median: 18.058775426369095
  min: 0.01829203513148414
  num_samples: 8000
  rmse: 18.525408450173707
  std: 7.763383535517786
trans:
  max: 13.795290986694997
  mean: 3.211061492024108
  median: 2.791845882219701
  min: 0.38403663472422683
  num_samples: 8000
  rmse: 4.03835771465236
  std: 2.448962459069583
