rot:
  max: 5.04976870162027
  mean: 2.0038904183305
  median: 1.690102936240327
  min: 0.7964465070815357
  num_samples: 1129
  rmse: 2.207409172932758
  std: 0.92578531424456
scale:
  max: 6.821268307548922
  mean: 1.3782301033077995
  median: 1.109314539325157
  min: 0.00014887135977303956
  num_samples: 1129
  rmse: 1.777810158628533
  std: 1.122982966237237
trans:
  max: 0.34256183342351865
  mean: 0.09171540048364427
  median: 0.07720472370234019
  min: 0.014342243488787598
  num_samples: 1129
  rmse: 0.10859040817584617
  std: 0.0581391611731854
