rot:
  max: 0.43246842727658574
  mean: 0.16675201952553562
  median: 0.1592972503121401
  min: 0.12235102955832246
  num_samples: 388
  rmse: 0.17226393371987517
  std: 0.043227616691195556
scale:
  max: 1.4036322323897732
  mean: 0.5382772384289198
  median: 0.35712485555722817
  min: 0.0004845380794149534
  num_samples: 388
  rmse: 0.6968338419622393
  std: 0.44253250490013823
trans:
  max: 0.16605852760830989
  mean: 0.0742423341191201
  median: 0.06371954984871295
  min: 0.019389188076149467
  num_samples: 388
  rmse: 0.08493189926121394
  std: 0.041249282862395674
