rot:
  max: 3.148207063131888
  mean: 1.2948575899921846
  median: 1.2668760273052686
  min: 0.40196917155732687
  num_samples: 973
  rmse: 1.3968170228598555
  std: 0.5238717562445047
scale:
  max: 3.4650271051539505
  mean: 1.426880779648074
  median: 1.1967509834710066
  min: 0.003459712736264553
  num_samples: 973
  rmse: 1.752021462809909
  std: 1.0166565038485103
trans:
  max: 0.28352851061818907
  mean: 0.12555840589533052
  median: 0.1326955388204033
  min: 0.010382142324221154
  num_samples: 973
  rmse: 0.13398614266494863
  std: 0.046769361073841755
