rot:
  max: 1.9032456240020075
  mean: 1.0391979235896327
  median: 1.0375667821374521
  min: 0.5370534152320313
  num_samples: 1070
  rmse: 1.074086488021339
  std: 0.27153169125722615
scale:
  max: 7.050348524994043
  mean: 2.2048872073477996
  median: 0.7847937618495671
  min: 0.0001594150513151149
  num_samples: 1070
  rmse: 3.1902859937380477
  std: 2.305731364386403
trans:
  max: 0.37096493529563485
  mean: 0.21161093683249296
  median: 0.21559695580861826
  min: 0.06267625043860714
  num_samples: 1070
  rmse: 0.22823988823554217
  std: 0.08552343535340164
